P44 : ./FoF_Data/NewDD.00109/HR5.00109.STAR.00596.dat
star: 

{x = 3082.7412787219505, y = 343.49119292770052, z = 367.35343658004427, 
vx = -38.397144317626953, vy = 23.762678146362305, vz = -39.529773712158203, 
mass = 1302049.75, metal = 0, tp = -1.7607204914093018, 
zp = 0.033379562199115753, mass0 = 0, tpp = 1.5218743085861206, indtab = 0, 
id = 1288261410, potent = 0, levelp = 0}


{x = 3082.7412787219505, y = 343.49119292770052, z = 367.35343658004427, 
vx = -39.934051513671875, vy = 27.734916687011719, vz = -40.589157104492188, 
mass = 5209420, metal = 0, tp = -1.7606397867202759, zp = 0.033394012600183487, 
mass0 = 0, tpp = 1.5218743085861206, indtab = 0, 
id = 1288311135, potent = 0, levelp = 0}


{x = 3082.7412787219505, y = 343.49119292770052, z = 367.35343658004427, 
vx = -43.085239410400391, vy = 35.521156311035156, vz = -42.443019866943359, 
mass = 2605321.25, metal = 0, tp = -1.760481595993042, zp = 0.033419325947761536, 
mass0 = 0, tpp = 1.5218743085861206, indtab = 0, 
id = 1288413569, potent = 0, levelp = 0}
